0.000000000000000000e+00,0.000000000000000000e+00,0.000000000000000000e+00
1.000000000000000000e+00,0.000000000000000000e+00,0.000000000000000000e+00
2.000000000000000000e+00,0.000000000000000000e+00,0.000000000000000000e+00
3.000000000000000000e+00,0.000000000000000000e+00,0.000000000000000000e+00
4.000000000000000000e+00,0.000000000000000000e+00,0.000000000000000000e+00
5.000000000000000000e+00,0.000000000000000000e+00,0.000000000000000000e+00
6.000000000000000000e+00,0.000000000000000000e+00,0.000000000000000000e+00
7.000000000000000000e+00,0.000000000000000000e+00,0.000000000000000000e+00
8.000000000000000000e+00,0.000000000000000000e+00,0.000000000000000000e+00
9.000000000000000000e+00,0.000000000000000000e+00,0.000000000000000000e+00
1.000000000000000000e+01,0.000000000000000000e+00,0.000000000000000000e+00
1.100000000000000000e+01,0.000000000000000000e+00,0.000000000000000000e+00
1.200000000000000000e+01,0.000000000000000000e+00,0.000000000000000000e+00
1.300000000000000000e+01,0.000000000000000000e+00,0.000000000000000000e+00
1.400000000000000000e+01,0.000000000000000000e+00,0.000000000000000000e+00
1.500000000000000000e+01,0.000000000000000000e+00,0.000000000000000000e+00
1.600000000000000000e+01,0.000000000000000000e+00,0.000000000000000000e+00
1.700000000000000000e+01,0.000000000000000000e+00,0.000000000000000000e+00
1.800000000000000000e+01,0.000000000000000000e+00,0.000000000000000000e+00
1.900000000000000000e+01,0.000000000000000000e+00,0.000000000000000000e+00
2.000000000000000000e+01,0.000000000000000000e+00,0.000000000000000000e+00
2.100000000000000000e+01,0.000000000000000000e+00,0.000000000000000000e+00
2.200000000000000000e+01,0.000000000000000000e+00,0.000000000000000000e+00
2.300000000000000000e+01,0.000000000000000000e+00,0.000000000000000000e+00
2.400000000000000000e+01,0.000000000000000000e+00,0.000000000000000000e+00
2.500000000000000000e+01,0.000000000000000000e+00,0.000000000000000000e+00
2.600000000000000000e+01,0.000000000000000000e+00,0.000000000000000000e+00
2.700000000000000000e+01,0.000000000000000000e+00,0.000000000000000000e+00
2.800000000000000000e+01,0.000000000000000000e+00,0.000000000000000000e+00
2.900000000000000000e+01,0.000000000000000000e+00,0.000000000000000000e+00
3.000000000000000000e+01,0.000000000000000000e+00,0.000000000000000000e+00
3.100000000000000000e+01,0.000000000000000000e+00,0.000000000000000000e+00
3.200000000000000000e+01,0.000000000000000000e+00,0.000000000000000000e+00
3.300000000000000000e+01,0.000000000000000000e+00,0.000000000000000000e+00
3.400000000000000000e+01,0.000000000000000000e+00,0.000000000000000000e+00
3.500000000000000000e+01,0.000000000000000000e+00,0.000000000000000000e+00
3.600000000000000000e+01,0.000000000000000000e+00,0.000000000000000000e+00
3.700000000000000000e+01,0.000000000000000000e+00,0.000000000000000000e+00
3.800000000000000000e+01,0.000000000000000000e+00,0.000000000000000000e+00
3.900000000000000000e+01,0.000000000000000000e+00,0.000000000000000000e+00
4.000000000000000000e+01,0.000000000000000000e+00,0.000000000000000000e+00
4.100000000000000000e+01,0.000000000000000000e+00,0.000000000000000000e+00
4.200000000000000000e+01,0.000000000000000000e+00,0.000000000000000000e+00
4.300000000000000000e+01,0.000000000000000000e+00,0.000000000000000000e+00
4.400000000000000000e+01,0.000000000000000000e+00,0.000000000000000000e+00
4.500000000000000000e+01,0.000000000000000000e+00,0.000000000000000000e+00
4.600000000000000000e+01,0.000000000000000000e+00,0.000000000000000000e+00
4.700000000000000000e+01,0.000000000000000000e+00,0.000000000000000000e+00
4.800000000000000000e+01,0.000000000000000000e+00,0.000000000000000000e+00
4.900000000000000000e+01,0.000000000000000000e+00,0.000000000000000000e+00
5.000000000000000000e+01,0.000000000000000000e+00,0.000000000000000000e+00
5.100000000000000000e+01,0.000000000000000000e+00,0.000000000000000000e+00
5.200000000000000000e+01,0.000000000000000000e+00,0.000000000000000000e+00
5.300000000000000000e+01,0.000000000000000000e+00,0.000000000000000000e+00
5.400000000000000000e+01,0.000000000000000000e+00,0.000000000000000000e+00
5.500000000000000000e+01,0.000000000000000000e+00,0.000000000000000000e+00
5.600000000000000000e+01,0.000000000000000000e+00,0.000000000000000000e+00
5.700000000000000000e+01,0.000000000000000000e+00,0.000000000000000000e+00
5.800000000000000000e+01,0.000000000000000000e+00,0.000000000000000000e+00
5.900000000000000000e+01,0.000000000000000000e+00,0.000000000000000000e+00
6.000000000000000000e+01,0.000000000000000000e+00,0.000000000000000000e+00
6.100000000000000000e+01,0.000000000000000000e+00,0.000000000000000000e+00
6.200000000000000000e+01,0.000000000000000000e+00,0.000000000000000000e+00
6.300000000000000000e+01,0.000000000000000000e+00,0.000000000000000000e+00
6.400000000000000000e+01,0.000000000000000000e+00,0.000000000000000000e+00
6.500000000000000000e+01,0.000000000000000000e+00,0.000000000000000000e+00
6.600000000000000000e+01,0.000000000000000000e+00,0.000000000000000000e+00
6.700000000000000000e+01,0.000000000000000000e+00,0.000000000000000000e+00
6.800000000000000000e+01,0.000000000000000000e+00,0.000000000000000000e+00
6.900000000000000000e+01,0.000000000000000000e+00,0.000000000000000000e+00
7.000000000000000000e+01,0.000000000000000000e+00,0.000000000000000000e+00
7.100000000000000000e+01,0.000000000000000000e+00,0.000000000000000000e+00
7.200000000000000000e+01,0.000000000000000000e+00,0.000000000000000000e+00
7.300000000000000000e+01,0.000000000000000000e+00,0.000000000000000000e+00
7.400000000000000000e+01,0.000000000000000000e+00,0.000000000000000000e+00
7.500000000000000000e+01,0.000000000000000000e+00,0.000000000000000000e+00
7.600000000000000000e+01,0.000000000000000000e+00,0.000000000000000000e+00
7.700000000000000000e+01,0.000000000000000000e+00,0.000000000000000000e+00
7.800000000000000000e+01,0.000000000000000000e+00,0.000000000000000000e+00
7.900000000000000000e+01,0.000000000000000000e+00,0.000000000000000000e+00
8.000000000000000000e+01,0.000000000000000000e+00,0.000000000000000000e+00
8.100000000000000000e+01,0.000000000000000000e+00,0.000000000000000000e+00
8.200000000000000000e+01,0.000000000000000000e+00,0.000000000000000000e+00
8.300000000000000000e+01,0.000000000000000000e+00,0.000000000000000000e+00
8.400000000000000000e+01,0.000000000000000000e+00,0.000000000000000000e+00
8.500000000000000000e+01,0.000000000000000000e+00,0.000000000000000000e+00
8.600000000000000000e+01,3.290761648879118439e+01,4.706008407100720774e+02
8.700000000000000000e+01,2.476799129197323168e+01,4.726014273226020919e+02
8.800000000000000000e+01,1.669940917214676546e+01,4.782085107286373500e+02
8.900000000000000000e+01,0.000000000000000000e+00,0.000000000000000000e+00
9.000000000000000000e+01,2.946806360448318605e-14,4.812500000000000000e+02
9.100000000000000000e+01,-8.416423004379955941e+00,4.821765509891696979e+02
9.200000000000000000e+01,-1.717927725180598486e+01,4.919501346001499087e+02
9.300000000000000000e+01,-2.591938232931782693e+01,4.945712770872027022e+02
9.400000000000000000e+01,-3.482591951675457409e+01,4.980338520922172165e+02
9.500000000000000000e+01,-0.000000000000000000e+00,0.000000000000000000e+00
9.600000000000000000e+01,-5.320498780323554655e+01,5.062116447424511421e+02
9.700000000000000000e+01,-6.282364652535346750e+01,5.116575411711015136e+02
9.800000000000000000e+01,-7.240480577447399924e+01,5.151869627628019543e+02
9.900000000000000000e+01,-8.318402678514284787e+01,5.252032751114644498e+02
1.000000000000000000e+02,-0.000000000000000000e+00,0.000000000000000000e+00
1.010000000000000000e+02,-1.015580877891659668e+02,5.224710683900191270e+02
1.020000000000000000e+02,-1.126361585005210060e+02,5.299114626975392639e+02
1.030000000000000000e+02,-0.000000000000000000e+00,0.000000000000000000e+00
1.040000000000000000e+02,-0.000000000000000000e+00,0.000000000000000000e+00
1.050000000000000000e+02,-1.438386843157259705e+02,5.368132779601496622e+02
1.060000000000000000e+02,-1.582158422389574639e+02,5.517642134685950168e+02
1.070000000000000000e+02,-0.000000000000000000e+00,0.000000000000000000e+00
1.080000000000000000e+02,-0.000000000000000000e+00,0.000000000000000000e+00
1.090000000000000000e+02,-0.000000000000000000e+00,0.000000000000000000e+00
1.100000000000000000e+02,-0.000000000000000000e+00,0.000000000000000000e+00
1.110000000000000000e+02,-0.000000000000000000e+00,0.000000000000000000e+00
1.120000000000000000e+02,-0.000000000000000000e+00,0.000000000000000000e+00
1.130000000000000000e+02,-2.580779103671652024e+02,6.079934557053368280e+02
1.140000000000000000e+02,-2.708866042884828289e+02,6.084212747899722444e+02
1.150000000000000000e+02,-2.854786358058423730e+02,6.122109101432571379e+02
1.160000000000000000e+02,-0.000000000000000000e+00,0.000000000000000000e+00
1.170000000000000000e+02,-0.000000000000000000e+00,0.000000000000000000e+00
1.180000000000000000e+02,-0.000000000000000000e+00,0.000000000000000000e+00
1.190000000000000000e+02,-3.267616840460311209e+02,5.894936826119527495e+02
1.200000000000000000e+02,-0.000000000000000000e+00,0.000000000000000000e+00
1.210000000000000000e+02,-3.378649771409956202e+02,5.623017492605856660e+02
1.220000000000000000e+02,-0.000000000000000000e+00,0.000000000000000000e+00
1.230000000000000000e+02,-3.315490125653977316e+02,5.105407082367768226e+02
1.240000000000000000e+02,-0.000000000000000000e+00,0.000000000000000000e+00
1.250000000000000000e+02,-0.000000000000000000e+00,0.000000000000000000e+00
1.260000000000000000e+02,-0.000000000000000000e+00,0.000000000000000000e+00
1.270000000000000000e+02,-0.000000000000000000e+00,0.000000000000000000e+00
1.280000000000000000e+02,-0.000000000000000000e+00,0.000000000000000000e+00
1.290000000000000000e+02,-3.577686423118324797e+02,4.418074790882880052e+02
1.300000000000000000e+02,-0.000000000000000000e+00,0.000000000000000000e+00
1.310000000000000000e+02,-0.000000000000000000e+00,0.000000000000000000e+00
1.320000000000000000e+02,-0.000000000000000000e+00,0.000000000000000000e+00
1.330000000000000000e+02,-2.988857812973898831e+02,3.205157597346014882e+02
1.340000000000000000e+02,-3.098176332247126652e+02,3.208255509510385082e+02
1.350000000000000000e+02,-0.000000000000000000e+00,0.000000000000000000e+00
1.360000000000000000e+02,-0.000000000000000000e+00,0.000000000000000000e+00
1.370000000000000000e+02,-0.000000000000000000e+00,0.000000000000000000e+00
1.380000000000000000e+02,-0.000000000000000000e+00,0.000000000000000000e+00
1.390000000000000000e+02,-3.626379532970419746e+02,3.152363634299387627e+02
1.400000000000000000e+02,-0.000000000000000000e+00,0.000000000000000000e+00
1.410000000000000000e+02,-0.000000000000000000e+00,0.000000000000000000e+00
1.420000000000000000e+02,-0.000000000000000000e+00,0.000000000000000000e+00
1.430000000000000000e+02,-7.501184028119198501e+02,5.652547604955611860e+02
1.440000000000000000e+02,-7.592624492208881293e+02,5.516364592764861072e+02
1.450000000000000000e+02,-7.720508017423745741e+02,5.405957912608612332e+02
1.460000000000000000e+02,-0.000000000000000000e+00,0.000000000000000000e+00
1.470000000000000000e+02,-0.000000000000000000e+00,0.000000000000000000e+00
1.480000000000000000e+02,-6.701700079876155769e+02,4.187686985602901473e+02
1.490000000000000000e+02,-0.000000000000000000e+00,0.000000000000000000e+00
1.500000000000000000e+02,-0.000000000000000000e+00,0.000000000000000000e+00
1.510000000000000000e+02,-0.000000000000000000e+00,0.000000000000000000e+00
1.520000000000000000e+02,-0.000000000000000000e+00,0.000000000000000000e+00
1.530000000000000000e+02,-1.355220923290507471e+03,6.905195501038507473e+02
1.540000000000000000e+02,-1.354932024795994266e+03,6.608445037845340266e+02
1.550000000000000000e+02,-1.348812564057294367e+03,6.289616280355960498e+02
1.560000000000000000e+02,-0.000000000000000000e+00,0.000000000000000000e+00
1.570000000000000000e+02,-1.355903649135444311e+03,5.755469522647008489e+02
1.580000000000000000e+02,-1.357397163085776583e+03,5.484240527608955063e+02
1.590000000000000000e+02,-1.352524642887821074e+03,5.191855669037537382e+02
1.600000000000000000e+02,-1.351043065534939615e+03,4.917394610664804304e+02
1.610000000000000000e+02,-0.000000000000000000e+00,0.000000000000000000e+00
1.620000000000000000e+02,-1.356919884624110409e+03,4.408899967244563527e+02
1.630000000000000000e+02,-1.329502686977609983e+03,4.064697624907851718e+02
1.640000000000000000e+02,-1.335432811082309172e+03,3.829291965687667698e+02
1.650000000000000000e+02,-0.000000000000000000e+00,0.000000000000000000e+00
1.660000000000000000e+02,-1.362780347554637046e+03,3.397793023697333297e+02
1.670000000000000000e+02,-1.356566722697243677e+03,3.131881054102457256e+02
1.680000000000000000e+02,-1.343730266508065597e+03,2.856186852608968820e+02
1.690000000000000000e+02,-1.342620580160542431e+03,2.609790034262694007e+02
1.700000000000000000e+02,-0.000000000000000000e+00,0.000000000000000000e+00
1.710000000000000000e+02,-1.343256143209387119e+03,2.127508724547141412e+02
1.720000000000000000e+02,-1.345279171385423297e+03,1.890666576542493260e+02
1.730000000000000000e+02,-1.345644445087722261e+03,1.652243623215287869e+02
1.740000000000000000e+02,-0.000000000000000000e+00,0.000000000000000000e+00
1.750000000000000000e+02,-1.349594767239792191e+03,1.180742424873905350e+02
1.760000000000000000e+02,-1.348457204938717268e+03,9.429331338362167969e+01
1.770000000000000000e+02,-1.347151242383920135e+03,7.060120497173119247e+01
1.780000000000000000e+02,-0.000000000000000000e+00,0.000000000000000000e+00
1.790000000000000000e+02,-0.000000000000000000e+00,0.000000000000000000e+00
1.800000000000000000e+02,-0.000000000000000000e+00,0.000000000000000000e+00
1.810000000000000000e+02,-6.641488315076328490e+02,-1.159276097596536026e+01
1.820000000000000000e+02,-6.775869807189469611e+02,-2.366185876429560864e+01
1.830000000000000000e+02,-0.000000000000000000e+00,-0.000000000000000000e+00
1.840000000000000000e+02,-0.000000000000000000e+00,-0.000000000000000000e+00
1.850000000000000000e+02,-1.351089059286929796e+03,-1.182049761015110931e+02
1.860000000000000000e+02,-1.353792930070062084e+03,-1.422893706230927080e+02
1.870000000000000000e+02,-1.353584814300852941e+03,-1.661993170687702275e+02
1.880000000000000000e+02,-0.000000000000000000e+00,-0.000000000000000000e+00
1.890000000000000000e+02,-1.351404572019297348e+03,-2.140414567912957011e+02
1.900000000000000000e+02,-1.355587872021304293e+03,-2.390267165585297846e+02
1.910000000000000000e+02,-1.355872547137085803e+03,-2.635549248638524205e+02
1.920000000000000000e+02,-1.359380628119806488e+03,-2.889452723139806380e+02
1.930000000000000000e+02,-0.000000000000000000e+00,-0.000000000000000000e+00
1.940000000000000000e+02,-1.355260555675998148e+03,-3.379044076788355824e+02
1.950000000000000000e+02,-1.359299119045291491e+03,-3.642231012205217553e+02
1.960000000000000000e+02,-1.360906246024675056e+03,-3.902335864979163489e+02
1.970000000000000000e+02,-1.363212429625307095e+03,-4.167758650822607365e+02
1.980000000000000000e+02,-0.000000000000000000e+00,-0.000000000000000000e+00
1.990000000000000000e+02,-1.358946572780118004e+03,-4.679228299935485325e+02
2.000000000000000000e+02,-1.377119535761748693e+03,-5.012305200437673989e+02
2.010000000000000000e+02,-1.375163968230378259e+03,-5.278759896802275762e+02
2.020000000000000000e+02,-0.000000000000000000e+00,-0.000000000000000000e+00
2.030000000000000000e+02,-0.000000000000000000e+00,-0.000000000000000000e+00
2.040000000000000000e+02,-6.116186838917213890e+02,-2.723101825392479896e+02
2.050000000000000000e+02,-5.847950995853984750e+02,-2.726944333881862121e+02
2.060000000000000000e+02,-0.000000000000000000e+00,-0.000000000000000000e+00
2.070000000000000000e+02,-5.615568618697190004e+02,-2.861275124608490046e+02
2.080000000000000000e+02,-5.500763503511115005e+02,-2.924807836156099938e+02
2.090000000000000000e+02,-5.462000071085526542e+02,-3.027636078438374057e+02
2.100000000000000000e+02,-5.477610678936574686e+02,-3.162500000000000568e+02
2.110000000000000000e+02,-5.886596437571756724e+02,-3.537023979444796851e+02
2.120000000000000000e+02,-0.000000000000000000e+00,-0.000000000000000000e+00
2.130000000000000000e+02,-1.391564139863444780e+03,-9.036923188486837262e+02
2.140000000000000000e+02,-1.081272254004913293e+03,-7.293273443517213082e+02
2.150000000000000000e+02,-1.033155515859491288e+03,-7.234232803477565312e+02
2.160000000000000000e+02,-0.000000000000000000e+00,-0.000000000000000000e+00
2.170000000000000000e+02,-9.805247474605640718e+02,-7.388783946749269944e+02
2.180000000000000000e+02,-9.398998263644178905e+02,-7.343302246946783498e+02
2.190000000000000000e+02,-8.972150125020727955e+02,-7.265503914670375707e+02
2.200000000000000000e+02,-0.000000000000000000e+00,-0.000000000000000000e+00
2.210000000000000000e+02,-0.000000000000000000e+00,-0.000000000000000000e+00
2.220000000000000000e+02,-4.291661367131951579e+02,-3.864229251722406389e+02
2.230000000000000000e+02,-3.909085535154466697e+02,-3.645281234534053851e+02
2.240000000000000000e+02,-0.000000000000000000e+00,-0.000000000000000000e+00
2.250000000000000000e+02,-3.830750987078122307e+02,-3.830750987078120602e+02
2.260000000000000000e+02,-3.655639674540474857e+02,-3.785525699282150072e+02
2.270000000000000000e+02,-3.578786394427963273e+02,-3.837778549246595503e+02
2.280000000000000000e+02,-3.787279231991138886e+02,-4.206199712202050023e+02
2.290000000000000000e+02,-0.000000000000000000e+00,-0.000000000000000000e+00
2.300000000000000000e+02,-3.781198113981068332e+02,-4.506256436647387318e+02
2.310000000000000000e+02,-3.834134482471133083e+02,-4.734761770176596656e+02
2.320000000000000000e+02,-0.000000000000000000e+00,-0.000000000000000000e+00
2.330000000000000000e+02,-0.000000000000000000e+00,-0.000000000000000000e+00
2.340000000000000000e+02,-5.398807542306366258e+02,-7.430821093333890985e+02
2.350000000000000000e+02,-5.175093396977315479e+02,-7.390799319597426802e+02
2.360000000000000000e+02,-4.974020876372296698e+02,-7.374289207877093304e+02
2.370000000000000000e+02,-0.000000000000000000e+00,-0.000000000000000000e+00
2.380000000000000000e+02,-4.639443158361709720e+02,-7.424661081849509401e+02
2.390000000000000000e+02,-4.456366943159246716e+02,-7.416640069325025024e+02
2.400000000000000000e+02,-4.275000000000003979e+02,-7.404517202356947791e+02
2.410000000000000000e+02,-0.000000000000000000e+00,-0.000000000000000000e+00
2.420000000000000000e+02,-3.969382063354706247e+02,-7.465321897622227425e+02
2.430000000000000000e+02,-3.787415744077169961e+02,-7.433221928041458568e+02
2.440000000000000000e+02,-3.619849744610809239e+02,-7.421791837315370230e+02
2.450000000000000000e+02,-0.000000000000000000e+00,-0.000000000000000000e+00
2.460000000000000000e+02,-3.333206790006181564e+02,-7.486505025381114820e+02
2.470000000000000000e+02,-3.163945312941895054e+02,-7.453788050831135479e+02
2.480000000000000000e+02,-3.006217912162696280e+02,-7.440650432898468125e+02
2.490000000000000000e+02,-0.000000000000000000e+00,-0.000000000000000000e+00
2.500000000000000000e+02,-2.719915189797386006e+02,-7.472905566799935286e+02
2.510000000000000000e+02,-2.573616260983823167e+02,-7.474324340112599430e+02
2.520000000000000000e+02,-2.419603065955839440e+02,-7.446772522591052166e+02
2.530000000000000000e+02,-2.272459074957474172e+02,-7.432878715722691823e+02
2.540000000000000000e+02,-0.000000000000000000e+00,-0.000000000000000000e+00
2.550000000000000000e+02,-2.005847599544534887e+02,-7.485925153740279256e+02
2.560000000000000000e+02,-1.865217815073438601e+02,-7.480980049587932399e+02
2.570000000000000000e+02,-1.721437943366428840e+02,-7.456366920769012268e+02
2.580000000000000000e+02,-1.583767304804285061e+02,-7.451039348589763449e+02
2.590000000000000000e+02,-0.000000000000000000e+00,-0.000000000000000000e+00
2.600000000000000000e+02,-1.317555548047834009e+02,-7.472228825980128022e+02
2.610000000000000000e+02,-1.185382158842350719e+02,-7.484208400859655512e+02
2.620000000000000000e+02,-1.048669315734089338e+02,-7.461669897967732368e+02
2.630000000000000000e+02,-0.000000000000000000e+00,-0.000000000000000000e+00
2.640000000000000000e+02,-7.863153649309224136e+01,-7.481290957907837083e+02
2.650000000000000000e+02,-6.549754067486517783e+01,-7.486403156159467471e+02
2.660000000000000000e+02,-5.245686825558243527e+01,-7.501681657953878357e+02
2.670000000000000000e+02,-0.000000000000000000e+00,-0.000000000000000000e+00
2.680000000000000000e+02,-2.620079714940311177e+01,-7.502926633845860351e+02
2.690000000000000000e+02,-1.306748931991601914e+01,-7.486359617483479951e+02
2.700000000000000000e+02,-1.378186891590452535e-13,-7.502500000000000000e+02
2.710000000000000000e+02,1.311112033600895188e+01,-7.511355809862388924e+02
2.720000000000000000e+02,0.000000000000000000e+00,-0.000000000000000000e+00
2.730000000000000000e+02,3.936972308375458596e+01,-7.512190675191282025e+02
2.740000000000000000e+02,5.266613767681454306e+01,-7.531608579461673116e+02
2.750000000000000000e+02,6.571543003173404429e+01,-7.511308023611761655e+02
2.760000000000000000e+02,7.915417880943022055e+01,-7.531017052676249932e+02
2.770000000000000000e+02,0.000000000000000000e+00,-0.000000000000000000e+00
2.780000000000000000e+02,1.056323836286896949e+02,-7.516134641748518561e+02
2.790000000000000000e+02,1.189293020468353745e+02,-7.508900609374535406e+02
2.800000000000000000e+02,1.329710920484516237e+02,-7.541165368690983541e+02
2.810000000000000000e+02,1.469229264399390615e+02,-7.558529312547013888e+02
2.820000000000000000e+02,0.000000000000000000e+00,-0.000000000000000000e+00
2.830000000000000000e+02,1.739996405349795054e+02,-7.536752451113794677e+02
2.840000000000000000e+02,1.883361957243411098e+02,-7.553752229058633247e+02
2.850000000000000000e+02,2.030435408829278288e+02,-7.577688107237739814e+02
2.860000000000000000e+02,0.000000000000000000e+00,-0.000000000000000000e+00
2.870000000000000000e+02,2.300965316167937829e+02,-7.526118429429088792e+02
2.880000000000000000e+02,2.453594935337081040e+02,-7.551388739383519351e+02
2.890000000000000000e+02,2.606986996815679163e+02,-7.571239994111530223e+02
2.900000000000000000e+02,2.760957606996456093e+02,-7.585668681294246198e+02
2.910000000000000000e+02,0.000000000000000000e+00,-0.000000000000000000e+00
2.920000000000000000e+02,3.050234186889063039e+02,-7.549594535810066418e+02
2.930000000000000000e+02,3.215717187466721043e+02,-7.575754943913585748e+02
2.940000000000000000e+02,3.384048870390660682e+02,-7.600698207586438002e+02
2.950000000000000000e+02,3.551049944276228416e+02,-7.615251180575451144e+02
2.960000000000000000e+02,0.000000000000000000e+00,-0.000000000000000000e+00
2.970000000000000000e+02,3.855514319038099984e+02,-7.566872906669714212e+02
2.980000000000000000e+02,4.029239687609904763e+02,-7.577897715711741284e+02
2.990000000000000000e+02,0.000000000000000000e+00,-0.000000000000000000e+00
3.000000000000000000e+02,0.000000000000000000e+00,-0.000000000000000000e+00
3.010000000000000000e+02,0.000000000000000000e+00,-0.000000000000000000e+00
3.020000000000000000e+02,0.000000000000000000e+00,-0.000000000000000000e+00
3.030000000000000000e+02,2.597928197021677192e+02,-4.000458609099673595e+02
3.040000000000000000e+02,2.527551923687773012e+02,-3.747249827948789971e+02
3.050000000000000000e+02,0.000000000000000000e+00,-0.000000000000000000e+00
3.060000000000000000e+02,2.545110142426407833e+02,-3.503043585643522988e+02
3.070000000000000000e+02,0.000000000000000000e+00,-0.000000000000000000e+00
3.080000000000000000e+02,2.610404655380792178e+02,-3.341165595292500257e+02
3.090000000000000000e+02,2.624266030677822528e+02,-3.240698659275568048e+02
3.100000000000000000e+02,2.640250106787460140e+02,-3.146527550111202913e+02
3.110000000000000000e+02,2.650478477121648666e+02,-3.049026704099999847e+02
3.120000000000000000e+02,2.674849598919533946e+02,-2.970721439845884788e+02
3.130000000000000000e+02,0.000000000000000000e+00,-0.000000000000000000e+00
3.140000000000000000e+02,2.740427271460741281e+02,-2.837795512335981130e+02
3.150000000000000000e+02,2.662257031167350760e+02,-2.662257031167351897e+02
3.160000000000000000e+02,0.000000000000000000e+00,-0.000000000000000000e+00
3.170000000000000000e+02,2.691381621958548180e+02,-2.509753965029993594e+02
3.180000000000000000e+02,2.703189302674021519e+02,-2.433962580630346508e+02
3.190000000000000000e+02,2.716954488801978869e+02,-2.361812504365826726e+02
3.200000000000000000e+02,0.000000000000000000e+00,-0.000000000000000000e+00
3.210000000000000000e+02,2.824925569896088291e+02,-2.287579621466160518e+02
3.220000000000000000e+02,2.826988578564113368e+02,-2.208685542730801217e+02
3.230000000000000000e+02,2.869098069844899328e+02,-2.162020470673733428e+02
3.240000000000000000e+02,0.000000000000000000e+00,-0.000000000000000000e+00
3.250000000000000000e+02,2.959186759993982037e+02,-2.072044876318155389e+02
3.260000000000000000e+02,3.019769358031738307e+02,-2.036860150892197225e+02
3.270000000000000000e+02,3.107274454237796135e+02,-2.017887624730674929e+02
3.280000000000000000e+02,3.237423607077154202e+02,-2.022966791210263011e+02
3.290000000000000000e+02,0.000000000000000000e+00,-0.000000000000000000e+00
3.300000000000000000e+02,0.000000000000000000e+00,-0.000000000000000000e+00
3.310000000000000000e+02,0.000000000000000000e+00,-0.000000000000000000e+00
3.320000000000000000e+02,5.948859406887020214e+02,-3.163064654269939524e+02
3.330000000000000000e+02,5.597748488213420615e+02,-2.852195314613703658e+02
3.340000000000000000e+02,5.925299750227259210e+02,-2.889961785206990044e+02
3.350000000000000000e+02,6.149298335043667976e+02,-2.867464905910649691e+02
3.360000000000000000e+02,0.000000000000000000e+00,-0.000000000000000000e+00
3.370000000000000000e+02,6.245625430674805330e+02,-2.651110706799728973e+02
3.380000000000000000e+02,6.325711847781906272e+02,-2.555753483580062095e+02
3.390000000000000000e+02,6.462710502426878065e+02,-2.480802130727344661e+02
3.400000000000000000e+02,0.000000000000000000e+00,-0.000000000000000000e+00
3.410000000000000000e+02,6.597355861244230937e+02,-2.271651797724816788e+02
3.420000000000000000e+02,6.728724852788211592e+02,-2.186295235202754839e+02
3.430000000000000000e+02,6.744339291429308787e+02,-2.061951447557097481e+02
3.440000000000000000e+02,0.000000000000000000e+00,-0.000000000000000000e+00
3.450000000000000000e+02,0.000000000000000000e+00,-0.000000000000000000e+00
3.460000000000000000e+02,6.918208528347854553e+02,-1.724903115625631926e+02
3.470000000000000000e+02,6.983797439348172702e+02,-1.612336682009654680e+02
3.480000000000000000e+02,7.035326618277896387e+02,-1.495404836206737968e+02
3.490000000000000000e+02,7.124159283871421167e+02,-1.384796283945272819e+02
3.500000000000000000e+02,0.000000000000000000e+00,-0.000000000000000000e+00
3.510000000000000000e+02,7.222470990601943868e+02,-1.143927025606690080e+02
3.520000000000000000e+02,0.000000000000000000e+00,-0.000000000000000000e+00
3.530000000000000000e+02,0.000000000000000000e+00,-0.000000000000000000e+00
3.540000000000000000e+02,0.000000000000000000e+00,-0.000000000000000000e+00
3.550000000000000000e+02,0.000000000000000000e+00,-0.000000000000000000e+00
3.560000000000000000e+02,0.000000000000000000e+00,-0.000000000000000000e+00
3.570000000000000000e+02,0.000000000000000000e+00,-0.000000000000000000e+00
3.580000000000000000e+02,0.000000000000000000e+00,-0.000000000000000000e+00
3.590000000000000000e+02,0.000000000000000000e+00,-0.000000000000000000e+00
